700
193
205
74
273
225
804
455
2
855
511
715
107
400
434
853
437
332
18
105
76
434
535
406
631
470
586
719
32
147
416
895
414
151
61
535
193
8
292
659
287
583
52
415
809
491
385
900
89
424
966
955
782
459
71
484
813
888
866
98
382
791
861
680
736
339
893
498
667
645
39
210
727
599
15
686
142
209
898
477
162
228
924
843
235
806
69
401
988
923
237
689
448
929
273
517
957
770
769
314
302
680
521
788
162
5
864
52
690
716
204
541
337
268
960
570
285
306
722
193
621
401
654
810
893
721
590
377
75
116
193
470
15
901
555
512
766
270
253
431
749
735
224
697
412
544
613
133
577
476
540
42
649
448
183
950
536
950
909
903
931
852
574
485
30
752
445
171
599
353
451
187
128
959
850
375
237
235
139
160
189
606
796
100
669
394
251
481
499
274
276
879
720
795
248
967
919
497
770
93
540
727
279
863
668
483
810
334
148
11
157
275
568
188
774
665
995
94
604
576
368
218
520
485
350
209
15
684
435
321
63
300
543
175
179
472
173
942
874
627
902
725
169
160
441
361
696
349
821
951
4
265
162
826
503
279
563
451
132
735
774
99
912
720
265
855
146
244
5
644
433
1000
866
241
412
410
163
585
293
807
819
484
317
0
863
701
955
453
839
151
440
705
770
305
650
492
326
719
185
231
464
440
598
355
863
612
610
524
853
517
955
995
209
808
336
626
342
816
714
974
702
423
431
345
682
802
128
583
71
475
739
885
575
822
248
128
446
365
282
250
503
813
258
288
891
989
615
998
640
870
251
983
196
709
855
893
917
382
79
684
973
849
634
450
886
803
966
118
97
251
879
260
399
139
288
723
557
195
860
706
746
241
700
610
141
706
521
643
637
801
30
330
880
761
534
613
730
847
108
229
573
769
200
92
800
211
599
39
992
678
539
204
14
725
121
821
300
832
679
612
808
685
234
932
132
489
725
146
78
584
524
422
41
121
47
225
486
572
114
381
484
526
467
517
590
937
902
966
379
465
670
213
882
334
810
984
755
524
240
492
227
509
977
516
685
300
973
235
513
376
694
672
646
367
160
3
276
39
288
924
934
33
412
442
459
785
111
183
355
575
122
531
397
714
562
1
682
255
590
385
745
280
794
506
435
204
70
241
747
856
828
18
829
381
688
506
705
892
78
527
227
661
99
730
838
401
213
963
710
234
704
919
98
187
180
251
98
656
961
819
910
646
731
935
668
795
638
747
206
292
819
301
69
923
397
281
392
818
847
427
184
178
679
88
781
967
920
979
965
591
379
569
281
309
258
678
917
230
640
73
756
194
142
234
485
71
882
241
242
997
639
576
587
308
969
70
851
991
722
979
803
37
823
856
691
103
509
673
659
161
477
972
296
579
540
311
208
628
990
463
547
121
559
177
532
493
967
584
762
808
341
294
985
721
823
582
903
57
117
151
390
530
125
526
495
804
685
17
689
774
38
126
247
652
285
809
362
532
385
260
131
692
549
883
591
28
891
52
341
36
884
821
475
841
388
795
998
93
850
459
939
677
803
391
919
712
628
142
831
659
609
600
303
296
246
419
322
131
970
501
302
100
142
376
265
854
881
63
219
30
483
233
507
709
824
995
423
770
132
491
753
759
55
831
912
468
749
998
174
510
450
531
863
579
26
693
893
807
135
21
820
343
487
106
141
184
266
407
672
764
881
71
783
191
866
213
137
960
336
890
530
453
780
839
572
751
489
802
744
568
489
627
121
425
46
536
812
889
611
680
111
164
872
422
311
722
997
305
814
147
28
859
840
247
845
854
458
890
739
888
976
22
374
310
542
299
346
202
871
901
840
587
127
62
539
509
844
671
594
859
702
358
486
310
969
706
138
136
31
394
216
535
431
878
744
989
705
62
540
5
336
77
133
83
387
910
557
301
816
534
777
686
128
406
441
122
567
212
923
566
193
17
732
988
37
481
217
601
611
328
974
490
961
357
390
2
3
904
673
495
104
249
528
844
765
75
729
608
20
193
416
691
952
783
440
363
744
886
653
451
921
59
876
405
416
698
929
849
65
414
770
791
408
906
139
710
271
89
966
384
634
507
497
958
424
971
343
394
503
28
565
131
350
493
446
816
538
918
79
154
511
622
240
208
96
839
450
663
128
854
7
911
392
0
377
247
209
292
577
334
800
297
503
698
198
280
653
138
155
50
499
190
469
805
859
512
617
557
660
343
1000
5
482
665
23
448
853
439
870
623
411
187
468
357
785
268
925
75
191
238
